10010011 00000010 00000010 00000000 
10110011 00000001 00110000 01000000
00000011 10000001 00000000 00000000
00100011 10000011 01010000 00000000
11100011 11011101 11000001 11111111
10110111 10100111 11110000 00000011
01101111 00001010 00000000 00000001 
11100111 00001111 11100110 00000000
10010011 00000010 00000010 00000000 
10110011 00000001 00110000 01000000
00000011 10000001 00000000 00000000
00100011 10000011 01010000 00000000
11100011 11011101 11000001 11111111
00000000 00000000 00000000 00000000
00000000 00000000 00000000 00000000
